2411
3802
1210
2424
3832
1239
2424
3816
1238
2444
3807
1219
2424
3792
1207
2408
3768
1188
2406
3766
1167
2391
3747
1170
2384
3742
1162
2392
3758
1190
2410
3770
1194
2431
3784
1192
2440
3800
1214
2456
3822
1214
2460
3784
1200
2440
3768
1172
2412
3764
1174
2428
3766
1166
2411
3744
1148
2400
3743
1174
2447
3759
1182
2447
3779
1193
2472
3800
1208
2479
3807
1215
2479
3799
1205
2464
3776
1168
2430
3756
1164
2430
3743
1155
2419
3720
1128
2418
3736
1136
2438
3736
1162
2458
3755
1171
2472
3768
1176
2480
3800
1202
2494
3791
1187
2475
3776
1198
2456
3752
1150
2460
3742
1148
2454
3727
1126
2430
3710
1144
2462
3754
1136
2483
3742
1176
2488
3768
1176
2504
3784
1184
2526
3791
1180
2501
3779
1190
2492
3760
1156
2480
3740
1156
2474
3727
1120
2466
3719
1112
2448
3710
1134
2490
3726
1142
2498
3744
1155
2500
3752
1160
2536
3775
1180
2527
3786
1186
2512
3744
1155
2492
3744
1140
2488
3718
1127
2475
3696
1114
2464
3698
1126
2480
3704
1130
2522
3739
1155
2515
3746
1168
2540
3752
1178
2562
3774
1182
2547
3759
1160
2520
3736
1160
2512
3726
1130
2511
3714
1111
2482
3680
1096
2488
3692
1104
2510
3723
1134
2530
3723
1139
2552
3736
1150
2556
3772
1155
2547
3759
1154
2554
3744
1116
2524
3708
1120
2526
3702
1118
2515
3680
1096
2504
3672
1096
2526
3694
1098
2552
3710
1138
2568
3736
1151
2588
3752
1170
2591
3751
1163
2575
3728
1122
2571
3710
1118
2552
3710
1124
2550
3683
1094
2538
3680
1090
2536
3678
1122
2542
3695
1123
2576
3715
1128
2584
3708
1150
2606
3740
1137
2599
3712
1128
2584
3720
1112
2562
3678
1102
2564
3663
1090
2555
3658
1074
2544
3678
1086
2571
3679
1107
2574
3695
1120
2600
3710
1136
2620
3743
1148
2630
3742
1135
2611
3708
1128
2588
3692
1108
2583
3704
1100
2578
3663
1074
2558
3672
1076
2574
3690
1114
2606
3695
1121
2611
3681
1112
2616
3726
1134
2638
3722
1142
2617
3715
1112
2608
3672
1112
2590
3663
1094
2591
3650
1067
2586
3640
1058
2576
3644
1076
2618
3662
1099
2624
3680
1104
2632
3680
1128
2652
3710
1114
2666
3695
1111
2620
3680
1096
2620
3672
1086
2622
3672
1079
2610
3632
1056
2600
3640
1066
2614
3658
1106
2638
3680
1105
2656
3696
1116
2680
3710
1118
2671
3687
1111
2656
3664
1096
2640
3646
1074
2636
3646
1071
2630
3616
1058
2610
3608
1048
2618
3628
1070
2634
3650
1093
2658
3658
1100
2680
3676
1116
2694
3690
1118
2691
3664
1099
2666
3648
1060
2664
3646
1074
2655
3627
1070
2640
3608
1048
2640
3630
1054
2648
3650
1066
2682
3651
1088
2684
3664
1108
2686
3688
1112
2715
3679
1094
2680
3659
1056
2664
3628
1054
2668
3614
1055
2656
3595
1034
2648
3608
1042
2648
3600
1048
2690
3648
1080
2696
3640
1084
2718
3660
1086
2730
3663
1095
2704
3650
1072
2696
3612
1064
2684
3614
1052
2678
3607
1032
2672
3594
1032
2680
3608
1054
2702
3631
1078
2722
3634
1081
2721
3632
1086
2744
3660
1102
2750
3648
1097
2736
3624
1048
2700
3616
1048
2702
3606
1038
2683
3576
1024
2686
3568
1020
2686
3584
1051
2723
3616
1068
2729
3640
1072
2748
3640
1092
2764
3647
1070
2738
3616
1056
2736
3600
1038
2718
3592
1030
2699
3571
1016
2686
3568
1020
2704
3576
1042
2754
3616
1067
2752
3616
1068
2776
3640
1084
2783
3646
1085
2786
3623
1072
2760
3600
1052
2744
3592
1030
2734
3559
1015
2723
3544
1008
2712
3576
1026
2750
3566
1050
2755
3594
1056
2784
3600
1068
2776
3624
1076
2791
3603
1059
2768
3592
1058
2760
3576
1024
2750
3555
1026
2738
3546
1002
2730
3536
1008
2750
3551
1034
2766
3578
1058
2792
3592
1060
2808
3592
1083
2826
3615
1078
2818
3583
1062
2784
3592
1032
2780
3566
1032
2782
3551
1011
2746
3520
1000
2752
3520
1000
2764
3550
1042
2791
3568
1040
2808
3576
1058
2828
3598
1063
2823
3569
1049
2809
3560
1048
2783
3548
1022
2792
3550
1003
2771
3520
1010
2768
3504
1006
2782
3555
1032
2818
3562
1040
2832
3568
1048
2840
3580
1080
2855
3579
1057
2838
3583
1036
2814
3540
1040
2816
3544
1018
2792
3523
1002
2794
3504
992
2792
3504
1006
2830
3530
1027
2825
3560
1040
2834
3560
1044
2862
3564
1055
2855
3536
1043
2848
3528
1024
2824
3518
1012
2823
3503
987
2803
3488
984
2824
3500
990
2826
3502
1019
2851
3536
1026
2856
3552
1044
2872
3544
1060
2882
3567
1050
2875
3528
1012
2872
3516
1016
2846
3510
995
2832
3480
984
2814
3475
990
2840
3502
1004
2847
3522
1017
2863
3520
1032
2888
3528
1042
2904
3535
1029
2903
3512
1029
2872
3500
1008
2856
3471
998
2862
3475
979
2843
3466
970
2840
3454
988
2858
3470
994
2883
3520
1020
2896
3516
1024
2904
3534
1048
2927
3504
1039
2912
3504
1024
2878
3496
998
2878
3486
999
2858
3458
978
2864
3454
976
2878
3487
994
2902
3498
1018
2895
3488
1014
2912
3504
1032
2927
3526
1027
2912
3490
1008
2912
3472
994
2890
3468
982
2882
3442
970
2882
3440
958
2872
3448
980
2888
3448
1009
2913
3480
1012
2936
3512
1016
2952
3512
1039
2939
3491
1020
2936
3489
1009
2920
3454
991
2910
3468
990
2898
3432
972
2896
3440
991
2904
3454
1011
2938
3467
1011
2960
3484
1024
2974
3480
1034
2959
3502
1026
2936
3464
1015
2940
3448
994
2926
3448
982
2919
3418
963
2898
3408
958
2922
3416
982
2947
3451
998
2952
3450
1008
2968
3451
1026
2990
3486
1024
2983
3463
1010
2952
3440
1002
2942
3438
982
2942
3430
986
2938
3408
962
2928
3416
974
2954
3438
988
2978
3448
1008
2978
3468
1016
3000
3486
1034
3004
3470
1019
2991
3440
988
2968
3422
980
2964
3414
970
2939
3394
952
2940
3384
952
2942
3407
982
2986
3419
1000
2992
3424
1000
3022
3452
1004
3022
3455
1030
3019
3426
992
2984
3416
976
2972
3412
978
2975
3402
958
2962
3378
964
2974
3376
958
3002
3407
999
3010
3424
1008
3024
3424
1008
3038
3452
1030
3048
3439
1003
3000
3400
966
2996
3400
968
2990
3388
960
2971
3352
964
2968
3356
944
2974
3395
972
3010
3394
991
3018
3408
986
3032
3400
1006
3054
3422
1007
3027
3395
1001
3024
3384
968
3006
3374
958
3006
3346
970
3000
3352
952
3006
3375
966
3034
3394
992
3048
3392
997
3064
3400
1016
3072
3422
1026
3067
3399
1007
3057
3392
984
3032
3358
962
3023
3354
964
3010
3322
952
3000
3320
948
3020
3352
958
3051
3363
986
3072
3384
1000
3064
3406
1014
3086
3404
1003
3075
3368
978
3036
3352
964
3048
3331
958
3026
3322
938
3008
3312
944
3038
3354
966
3038
3368
979
3074
3363
1000
3096
3388
1016
3103
3399
1007
3103
3371
1009
3088
3352
970
3072
3338
966
3062
3315
958
3043
3296
936
3048
3308
944
3066
3331
974
3075
3344
984
3096
3352
1000
3112
3368
999
3118
3349
986
3104
3336
964
3080
3320
958
3067
3307
962
3070
3288
936
3050
3280
936
3072
3330
978
3098
3330
989
3120
3352
992
3132
3352
1014
3150
3370
1018
3136
3346
992
3112
3324
970
3102
3316
966
3083
3280
938
3067
3272
938
3064
3280
948
3102
3315
982
3115
3307
976
3128
3312
996
3150
3343
1004
3151
3335
981
3136
3312
964
3102
3292
956
3110
3286
954
3080
3256
932
3082
3256
940
3102
3260
958
3103
3299
990
3160
3320
992
3160
3334
1007
3176
3338
995
3169
3319
976
3136
3292
964
3132
3278
964
3119
3286
944
3104
3256
936
3100
3256
954
3139
3278
954
3145
3288
977
3164
3304
988
3176
3310
1002
3155
3285
972
3168
3280
958
3134
3262
954
3144
3246
942
3150
3224
928
3130
3231
942
3150
3267
976
3146
3266
984
3168
3280
1002
3196
3304
1007
3191
3291
994
3184
3272
976
3164
3256
964
3164
3239
944
3147
3226
944
3136
3224
952
3150
3251
962
3171
3256
971
3192
3251
976
3192
3272
1000
3214
3279
983
3215
3248
972
3176
3248
954
3166
3228
950
3166
3211
944
3147
3192
928
3152
3198
938
3178
3226
962
3192
3240
976
3195
3256
990
3214
3256
1004
3230
3274
994
3208
3248
972
3208
3224
958
3196
3226
966
3178
3195
944
3168
3196
938
3182
3198
958
3211
3227
979
3224
3240
984
3242
3246
988
3246
3247
1004
3231
3219
968
3216
3196
960
3198
3198
956
3200
3183
930
3176
3166
932
3182
3176
928
3212
3210
962
3219
3199
984
3232
3224
988
3262
3230
991
3235
3230
988
3247
3192
968
3228
3196
964
3228
3194
952
3192
3162
938
3194
3166
970
3214
3166
959
3235
3195
980
3248
3199
981
3272
3214
1000
3271
3203
983
3266
3192
982
3240
3166
952
3230
3166
954
3215
3146
936
3210
3128
932
3226
3166
946
3251
3166
974
3247
3176
976
3272
3192
984
3292
3212
993
3275
3168
989
3256
3164
958
3264
3160
964
3260
3158
950
3226
3128
944
3224
3128
954
3262
3150
963
3270
3170
982
3275
3168
1002
3311
3192
1006
3311
3170
1007
3291
3160
964
3272
3148
954
3262
3134
946
3232
3106
938
3242
3118
930
3248
3118
948
3275
3134
975
3288
3160
992
3283
3164
1002
3311
3178
988
3328
3145
972
3304
3124
952
3262
3118
958
3259
3088
946
3264
3088
938
3262
3100
962
3279
3136
970
3307
3148
987
3307
3152
1000
3336
3160
1006
3343
3150
995
3324
3120
992
3304
3100
954
3292
3102
936
3256
3074
930
3264
3080
936
3288
3098
962
3311
3103
986
3312
3134
990
3324
3134
1004
3342
3135
986
3343
3112
984
3308
3104
954
3308
3084
954
3290
3086
936
3272
3056
944
3294
3080
944
3331
3087
966
3331
3112
1000
3344
3104
985
3368
3134
996
3370
3115
987
3349
3104
976
3336
3080
966
3332
3067
938
3288
3032
936
3296
3048
944
3330
3083
979
3343
3083
979
3344
3084
990
3375